注意：-1代表不可堆叠的物品，0~64代表可堆叠的物品数量。
该文件对应曲名及倍速：sonata_in_a_flat_major_fourth_movement_right    2倍速
起始延迟行数：2
程序设定的可堆叠物品名称：
                white_wool
                orange_wool
                magenta_wool
                light_blue_wool
                yellow_wool
                lime_wool
                pink_wool
                gray_wool
                light_gray_wool
                cyan_wool
                purple_wool
                blue_wool
                brown_wool
                cobblestone
程序设定的不可堆叠物品名称：
                shears
--------------------

第1节拍演奏机内容：

    序号0（F#）单片：

        容器0（大型箱子）：

    序号1（G）单片：

        容器0（大型箱子）：

    序号2（A♭）单片：

        容器0（大型箱子）：

    序号3（A）单片：

        容器0（大型箱子）：

    序号4（B♭）单片：

        容器0（大型箱子）：

    序号5（B）单片：

        容器0（大型箱子）：

    序号6（C）单片：

        容器0（大型箱子）：

    序号7（D♭）单片：

        容器0（大型箱子）：

    序号8（D）单片：

        容器0（大型箱子）：

            第1格潜影盒内容：
                10   0   0   0   0   0   0   0   0   
                0   0   0   0   0   0   0   0   0   
                0   0   0   0   0   0   0   0   0   

    序号9（E♭）单片：

        容器0（大型箱子）：

            第1格潜影盒内容：
                11   -1   -1   -1   -1   -1   -1   -1   -1   
                -1   -1   -1   -1   -1   0   0   0   0   
                0   0   0   0   0   0   0   0   0   

    序号10（E）单片：

        容器0（大型箱子）：

            第1格潜影盒内容：
                8   0   0   0   0   0   0   0   0   
                0   0   0   0   0   0   0   0   0   
                0   0   0   0   0   0   0   0   0   

    序号11（F）单片：

        容器0（大型箱子）：

            第1格潜影盒内容：
                6   -1   2   0   0   0   0   0   0   
                0   0   0   0   0   0   0   0   0   
                0   0   0   0   0   0   0   0   0   

    序号12（F#）单片：

        容器0（大型箱子）：

    序号13（G）单片：

        容器0（大型箱子）：

            第1格潜影盒内容：
                4   -1   2   0   0   0   0   0   0   
                0   0   0   0   0   0   0   0   0   
                0   0   0   0   0   0   0   0   0   

    序号14（A♭）单片：

        容器0（大型箱子）：

            第1格潜影盒内容：
                5   -1   27   0   0   0   0   0   0   
                0   0   0   0   0   0   0   0   0   
                0   0   0   0   0   0   0   0   0   

    序号15（A）单片：

        容器0（大型箱子）：

            第1格潜影盒内容：
                2   0   0   0   0   0   0   0   0   
                0   0   0   0   0   0   0   0   0   
                0   0   0   0   0   0   0   0   0   

    序号16（B♭）单片：

        容器0（大型箱子）：

            第1格潜影盒内容：
                3   -1   27   -1   2   0   0   0   0   
                0   0   0   0   0   0   0   0   0   
                0   0   0   0   0   0   0   0   0   

    序号17（B）单片：

        容器0（大型箱子）：

    序号18（C）单片：

        容器0（大型箱子）：

            第1格潜影盒内容：
                1   -1   27   -1   2   0   0   0   0   
                0   0   0   0   0   0   0   0   0   
                0   0   0   0   0   0   0   0   0   

    序号19（D♭）单片：

        容器0（大型箱子）：

            第1格潜影盒内容：
                27   -1   2   0   0   0   0   0   0   
                0   0   0   0   0   0   0   0   0   
                0   0   0   0   0   0   0   0   0   

    序号20（D）单片：

        容器0（大型箱子）：

    序号21（E♭）单片：

        容器0（大型箱子）：

            第1格潜影盒内容：
                25   -1   2   0   0   0   0   0   0   
                0   0   0   0   0   0   0   0   0   
                0   0   0   0   0   0   0   0   0   

    序号22（E）单片：

        容器0（大型箱子）：

    序号23（F）单片：

        容器0（大型箱子）：

            第1格潜影盒内容：
                26   0   0   0   0   0   0   0   0   
                0   0   0   0   0   0   0   0   0   
                0   0   0   0   0   0   0   0   0   

    序号24（F#）单片：

        容器0（大型箱子）：

--------------------

第2节拍演奏机内容：

    序号0（F#）单片：

        容器0（大型箱子）：

    序号1（G）单片：

        容器0（大型箱子）：

            第1格潜影盒内容：
                41   -1   4   0   0   0   0   0   0   
                0   0   0   0   0   0   0   0   0   
                0   0   0   0   0   0   0   0   0   

    序号2（A♭）单片：

        容器0（大型箱子）：

            第1格潜影盒内容：
                40   -1   3   -1   2   0   0   0   0   
                0   0   0   0   0   0   0   0   0   
                0   0   0   0   0   0   0   0   0   

    序号3（A）单片：

        容器0（大型箱子）：

    序号4（B♭）单片：

        容器0（大型箱子）：

            第1格潜影盒内容：
                39   -1   5   -1   0   0   0   0   0   
                0   0   0   0   0   0   0   0   0   
                0   0   0   0   0   0   0   0   0   

    序号5（B）单片：

        容器0（大型箱子）：

    序号6（C）单片：

        容器0（大型箱子）：

            第1格潜影盒内容：
                38   -1   5   0   0   0   0   0   0   
                0   0   0   0   0   0   0   0   0   
                0   0   0   0   0   0   0   0   0   

    序号7（D♭）单片：

        容器0（大型箱子）：

            第1格潜影盒内容：
                37   -1   7   0   0   0   0   0   0   
                0   0   0   0   0   0   0   0   0   
                0   0   0   0   0   0   0   0   0   

    序号8（D）单片：

        容器0（大型箱子）：

            第1格潜影盒内容：
                12   -1   21   0   0   0   0   0   0   
                0   0   0   0   0   0   0   0   0   
                0   0   0   0   0   0   0   0   0   

    序号9（E♭）单片：

        容器0（大型箱子）：

            第1格潜影盒内容：
                35   -1   7   -1   -1   1   0   0   0   
                0   0   0   0   0   0   0   0   0   
                0   0   0   0   0   0   0   0   0   

    序号10（E）单片：

        容器0（大型箱子）：

            第1格潜影盒内容：
                32   0   0   0   0   0   0   0   0   
                0   0   0   0   0   0   0   0   0   
                0   0   0   0   0   0   0   0   0   

    序号11（F）单片：

        容器0（大型箱子）：

            第1格潜影盒内容：
                30   -1   2   -1   8   -1   2   0   0   
                0   0   0   0   0   0   0   0   0   
                0   0   0   0   0   0   0   0   0   

    序号12（F#）单片：

        容器0（大型箱子）：

    序号13（G）单片：

        容器0（大型箱子）：

            第1格潜影盒内容：
                11   -1   1   -1   6   -1   2   -1   -1   
                3   -1   2   -1   9   0   0   0   0   
                0   0   0   0   0   0   0   0   0   

    序号14（A♭）单片：

        容器0（大型箱子）：

            第1格潜影盒内容：
                9   -1   4   -1   6   -1   -1   6   -1   
                10   0   0   0   0   0   0   0   0   
                0   0   0   0   0   0   0   0   0   

    序号15（A）单片：

        容器0（大型箱子）：

            第1格潜影盒内容：
                26   0   0   0   0   0   0   0   0   
                0   0   0   0   0   0   0   0   0   
                0   0   0   0   0   0   0   0   0   

    序号16（B♭）单片：

        容器0（大型箱子）：

            第1格潜影盒内容：
                7   -1   2   -1   4   -1   7   -1   -1   
                2   -1   11   0   0   0   0   0   0   
                0   0   0   0   0   0   0   0   0   

    序号17（B）单片：

        容器0（大型箱子）：

    序号18（C）单片：

        容器0（大型箱子）：

            第1格潜影盒内容：
                5   -1   2   -1   7   -1   5   -1   2   
                -1   12   0   0   0   0   0   0   0   
                0   0   0   0   0   0   0   0   0   

    序号19（D♭）单片：

        容器0（大型箱子）：

            第1格潜影盒内容：
                3   -1   2   -1   10   -1   19   0   0   
                0   0   0   0   0   0   0   0   0   
                0   0   0   0   0   0   0   0   0   

    序号20（D）单片：

        容器0（大型箱子）：

            第1格潜影盒内容：
                18   0   0   0   0   0   0   0   0   
                0   0   0   0   0   0   0   0   0   
                0   0   0   0   0   0   0   0   0   

    序号21（E♭）单片：

        容器0（大型箱子）：

            第1格潜影盒内容：
                1   -1   2   -1   14   -1   -1   -1   -1   
                -1   0   0   0   0   0   0   0   0   
                0   0   0   0   0   0   0   0   0   

    序号22（E）单片：

        容器0（大型箱子）：

    序号23（F）单片：

        容器0（大型箱子）：

            第1格潜影盒内容：
                2   0   0   0   0   0   0   0   0   
                0   0   0   0   0   0   0   0   0   
                0   0   0   0   0   0   0   0   0   

    序号24（F#）单片：

        容器0（大型箱子）：

