注意：-1代表不可堆叠的物品，0~64代表可堆叠的物品数量。
程序设定的可堆叠物品名称：
                white_wool
                orange_wool
                magenta_wool
                light_blue_wool
                yellow_wool
                lime_wool
                pink_wool
                gray_wool
                light_gray_wool
                cyan_wool
                purple_wool
                blue_wool
                brown_wool
                cobblestone
程序设定的不可堆叠物品名称：
                shears
--------------------

第1节拍演奏机内容：

    序号0（F#）单片：

        容器0（大型箱子）：

            第1格潜影盒内容：
                47   0   0   0   0   0   0   0   0   
                0   0   0   0   0   0   0   0   0   
                0   0   0   0   0   0   0   0   0   

            第2格潜影盒内容：
                47   0   0   0   0   0   0   0   0   
                0   0   0   0   0   0   0   0   0   
                0   0   0   0   0   0   0   0   0   

    序号1（G）单片：

        容器0（大型箱子）：

            第1格潜影盒内容：
                47   0   0   0   0   0   0   0   0   
                0   0   0   0   0   0   0   0   0   
                0   0   0   0   0   0   0   0   0   

            第2格潜影盒内容：
                33   -1   9   -1   3   0   0   0   0   
                0   0   0   0   0   0   0   0   0   
                0   0   0   0   0   0   0   0   0   

    序号2（A♭）单片：

        容器0（大型箱子）：

            第1格潜影盒内容：
                47   0   0   0   0   0   0   0   0   
                0   0   0   0   0   0   0   0   0   
                0   0   0   0   0   0   0   0   0   

            第2格潜影盒内容：
                31   -1   7   -1   5   -1   1   0   0   
                0   0   0   0   0   0   0   0   0   
                0   0   0   0   0   0   0   0   0   

    序号3（A）单片：

        容器0（大型箱子）：

            第1格潜影盒内容：
                47   0   0   0   0   0   0   0   0   
                0   0   0   0   0   0   0   0   0   
                0   0   0   0   0   0   0   0   0   

            第2格潜影盒内容：
                47   0   0   0   0   0   0   0   0   
                0   0   0   0   0   0   0   0   0   
                0   0   0   0   0   0   0   0   0   

    序号4（B♭）单片：

        容器0（大型箱子）：

            第1格潜影盒内容：
                47   0   0   0   0   0   0   0   0   
                0   0   0   0   0   0   0   0   0   
                0   0   0   0   0   0   0   0   0   

            第2格潜影盒内容：
                29   -1   11   -1   1   -1   3   0   0   
                0   0   0   0   0   0   0   0   0   
                0   0   0   0   0   0   0   0   0   

    序号5（B）单片：

        容器0（大型箱子）：

            第1格潜影盒内容：
                47   0   0   0   0   0   0   0   0   
                0   0   0   0   0   0   0   0   0   
                0   0   0   0   0   0   0   0   0   

            第2格潜影盒内容：
                47   0   0   0   0   0   0   0   0   
                0   0   0   0   0   0   0   0   0   
                0   0   0   0   0   0   0   0   0   

    序号6（C）单片：

        容器0（大型箱子）：

            第1格潜影盒内容：
                47   0   0   0   0   0   0   0   0   
                0   0   0   0   0   0   0   0   0   
                0   0   0   0   0   0   0   0   0   

            第2格潜影盒内容：
                27   -1   11   -1   7   0   0   0   0   
                0   0   0   0   0   0   0   0   0   
                0   0   0   0   0   0   0   0   0   

    序号7（D♭）单片：

        容器0（大型箱子）：

            第1格潜影盒内容：
                47   0   0   0   0   0   0   0   0   
                0   0   0   0   0   0   0   0   0   
                0   0   0   0   0   0   0   0   0   

            第2格潜影盒内容：
                25   -1   15   -1   5   0   0   0   0   
                0   0   0   0   0   0   0   0   0   
                0   0   0   0   0   0   0   0   0   

    序号8（D）单片：

        容器0（大型箱子）：

            第1格潜影盒内容：
                19   -1   2   -1   24   0   0   0   0   
                0   0   0   0   0   0   0   0   0   
                0   0   0   0   0   0   0   0   0   

            第2格潜影盒内容：
                19   -1   27   0   0   0   0   0   0   
                0   0   0   0   0   0   0   0   0   
                0   0   0   0   0   0   0   0   0   

    序号9（E♭）单片：

        容器0（大型箱子）：

            第1格潜影盒内容：
                21   -1   1   -1   1   -1   1   -1   1   
                -1   1   -1   1   -1   1   -1   1   -1   
                1   -1   1   -1   1   -1   1   -1   1   

            第2格潜影盒内容：
                0   -1   20   -1   15   -1   1   -1   3   
                -1   3   0   0   0   0   0   0   0   
                0   0   0   0   0   0   0   0   0   

    序号10（E）单片：

        容器0（大型箱子）：

            第1格潜影盒内容：
                15   -1   31   0   0   0   0   0   0   
                0   0   0   0   0   0   0   0   0   
                0   0   0   0   0   0   0   0   0   

            第2格潜影盒内容：
                15   -1   31   0   0   0   0   0   0   
                0   0   0   0   0   0   0   0   0   
                0   0   0   0   0   0   0   0   0   

    序号11（F）单片：

        容器0（大型箱子）：

            第1格潜影盒内容：
                11   -1   5   -1   29   0   0   0   0   
                0   0   0   0   0   0   0   0   0   
                0   0   0   0   0   0   0   0   0   

            第2格潜影盒内容：
                11   -1   5   -1   17   -1   5   -1   5   
                0   0   0   0   0   0   0   0   0   
                0   0   0   0   0   0   0   0   0   

    序号12（F#）单片：

        容器0（大型箱子）：

            第1格潜影盒内容：
                47   0   0   0   0   0   0   0   0   
                0   0   0   0   0   0   0   0   0   
                0   0   0   0   0   0   0   0   0   

            第2格潜影盒内容：
                47   0   0   0   0   0   0   0   0   
                0   0   0   0   0   0   0   0   0   
                0   0   0   0   0   0   0   0   0   

    序号13（G）单片：

        容器0（大型箱子）：

            第1格潜影盒内容：
                7   -1   5   -1   6   -1   3   -1   13   
                -1   5   -1   1   -1   0   0   0   0   
                0   0   0   0   0   0   0   0   0   

            第2格潜影盒内容：
                7   -1   5   -1   19   -1   13   0   0   
                0   0   0   0   0   0   0   0   0   
                0   0   0   0   0   0   0   0   0   

    序号14（A♭）单片：

        容器0（大型箱子）：

            第1格潜影盒内容：
                9   -1   6   -1   9   -1   13   -1   1   
                -1   4   0   0   0   0   0   0   0   
                0   0   0   0   0   0   0   0   0   

            第2格潜影盒内容：
                9   -1   8   -1   12   -1   15   0   0   
                0   0   0   0   0   0   0   0   0   
                0   0   0   0   0   0   0   0   0   

    序号15（A）单片：

        容器0（大型箱子）：

            第1格潜影盒内容：
                3   -1   43   0   0   0   0   0   0   
                0   0   0   0   0   0   0   0   0   
                0   0   0   0   0   0   0   0   0   

            第2格潜影盒内容：
                3   -1   43   0   0   0   0   0   0   
                0   0   0   0   0   0   0   0   0   
                0   0   0   0   0   0   0   0   0   

    序号16（B♭）单片：

        容器0（大型箱子）：

            第1格潜影盒内容：
                5   -1   6   -1   5   -1   9   -1   15   
                -1   1   -1   0   0   0   0   0   0   
                0   0   0   0   0   0   0   0   0   

            第2格潜影盒内容：
                5   -1   8   -1   5   -1   8   -1   17   
                0   0   0   0   0   0   0   0   0   
                0   0   0   0   0   0   0   0   0   

    序号17（B）单片：

        容器0（大型箱子）：

            第1格潜影盒内容：
                47   0   0   0   0   0   0   0   0   
                0   0   0   0   0   0   0   0   0   
                0   0   0   0   0   0   0   0   0   

            第2格潜影盒内容：
                47   0   0   0   0   0   0   0   0   
                0   0   0   0   0   0   0   0   0   
                0   0   0   0   0   0   0   0   0   

    序号18（C）单片：

        容器0（大型箱子）：

            第1格潜影盒内容：
                1   -1   6   -1   5   -1   15   -1   11   
                -1   4   0   0   0   0   0   0   0   
                0   0   0   0   0   0   0   0   0   

            第2格潜影盒内容：
                1   -1   8   -1   5   -1   10   -1   19   
                0   0   0   0   0   0   0   0   0   
                0   0   0   0   0   0   0   0   0   

    序号19（D♭）单片：

        容器0（大型箱子）：

            第1格潜影盒内容：
                4   -1   5   -1   21   -1   14   0   0   
                0   0   0   0   0   0   0   0   0   
                0   0   0   0   0   0   0   0   0   

            第2格潜影盒内容：
                6   -1   5   -1   12   -1   21   0   0   
                0   0   0   0   0   0   0   0   0   
                0   0   0   0   0   0   0   0   0   

    序号20（D）单片：

        容器0（大型箱子）：

            第1格潜影盒内容：
                34   -1   12   0   0   0   0   0   0   
                0   0   0   0   0   0   0   0   0   
                0   0   0   0   0   0   0   0   0   

            第2格潜影盒内容：
                47   0   0   0   0   0   0   0   0   
                0   0   0   0   0   0   0   0   0   
                0   0   0   0   0   0   0   0   0   

    序号21（E♭）单片：

        容器0（大型箱子）：

            第1格潜影盒内容：
                0   -1   5   -1   29   -1   1   -1   1   
                -1   1   -1   1   -1   1   -1   0   0   
                0   0   0   0   0   0   0   0   0   

            第2格潜影盒内容：
                2   -1   5   -1   38   0   0   0   0   
                0   0   0   0   0   0   0   0   0   
                0   0   0   0   0   0   0   0   0   

    序号22（E）单片：

        容器0（大型箱子）：

            第1格潜影盒内容：
                47   0   0   0   0   0   0   0   0   
                0   0   0   0   0   0   0   0   0   
                0   0   0   0   0   0   0   0   0   

            第2格潜影盒内容：
                47   0   0   0   0   0   0   0   0   
                0   0   0   0   0   0   0   0   0   
                0   0   0   0   0   0   0   0   0   

    序号23（F）单片：

        容器0（大型箱子）：

            第1格潜影盒内容：
                2   -1   44   0   0   0   0   0   0   
                0   0   0   0   0   0   0   0   0   
                0   0   0   0   0   0   0   0   0   

            第2格潜影盒内容：
                4   -1   42   0   0   0   0   0   0   
                0   0   0   0   0   0   0   0   0   
                0   0   0   0   0   0   0   0   0   

    序号24（F#）单片：

        容器0（大型箱子）：

            第1格潜影盒内容：
                47   0   0   0   0   0   0   0   0   
                0   0   0   0   0   0   0   0   0   
                0   0   0   0   0   0   0   0   0   

            第2格潜影盒内容：
                47   0   0   0   0   0   0   0   0   
                0   0   0   0   0   0   0   0   0   
                0   0   0   0   0   0   0   0   0   

